0000000000000000000000000000000011110 0000000000000000000000000000000001110 0000000000000000000000000000000001110
0000000000000000000000000000000000110
0000000000000000000000000000000000110
0000000000000000000000000000000000110
0000000000000000000000000000000000110
0000000000000000000000000000000000010
0000000000000000000000000000000000010
0000000000000000000000000000000000010
0000000000000000000000000000000000010
0000000000000000000000000000000000010
0000000000000000000000000000000000010
0000000000000000000000000000000000010
0000000000000000000000000000000000010
